650	53.10917883
649	46.54913524
648	31.87159114
647	44.02169426
646	60.33128429
645	54.56920111
644	50.68905048
643	43.79562291
642	40.39928446
641	33.04243803
640	41.50620016
639	33.11371604
638	33.95858214
637	34.98535218
636	30.53595946
635	30.49551753
634	38.48823295
633	32.49224121
632	29.30031019
631	23.54003834
630	25.15505256
629	33.47476915
628	28.16077371
627	21.07712527
626	21.79122753
625	34.83714435
624	28.25060549
623	34.64321356
622	38.61085691
621	38.27709554
620	57.6573259
619	67.53302525
618	49.13157351
617	45.87216738
616	48.39835415
615	54.65987841
614	55.86671225
613	85.96325477
612	72.07811425
611	115.1292546
610	72.78441196
609	115.1292546
608	104.3513751
607	90.20657595
606	115.1292546
605	115.1292546
604	62.05477094
603	87.13434138
602	108.8914618
601	96.48097724
600	115.1292546
599	115.1292546
598	71.03304275
597	115.1292546
596	115.1292546
595	115.1292546
594	115.1292546
593	115.1292546
592	115.1292546
591	102.8137599
590	115.1292546
589	115.1292546
588	115.1292546
587	108.276999
586	82.33607301
585	115.1292546
584	115.1292546
583	108.3789274
582	103.9274829
581	115.1292546
580	115.1292546
579	115.1292546
578	115.1292546
577	115.1292546
576	115.1292546
575	115.1292546
574	115.1292546
573	115.1292546
572	115.1292546
571	115.1292546
570	115.1292546
569	115.1292546
568	115.1292546
567	115.1292546
566	115.1292546
565	115.1292546
564	115.1292546
563	115.1292546
562	115.1292546
561	115.1292546
560	115.1292546
559	115.1292546
558	115.1292546
557	115.1292546
556	115.1292546
555	115.1292546
554	115.1292546
553	115.1292546
552	115.1292546
551	115.1292546
550	115.1292546
549	115.1292546
548	115.1292546
547	115.1292546
546	115.1292546
545	115.1292546
544	115.1292546
543	115.1292546
542	115.1292546
541	115.1292546
540	115.1292546
539	115.1292546
538	115.1292546
537	115.1292546
536	115.1292546
535	115.1292546
534	115.1292546
533	115.1292546
532	115.1292546
531	115.1292546
530	115.1292546
529	115.1292546
528	115.1292546
527	115.1292546
526	115.1292546
525	115.1292546
524	115.1292546
523	115.1292546
522	115.1292546
521	115.1292546
520	115.1292546
519	115.1292546
518	115.1292546
517	115.1292546
516	115.1292546
515	115.1292546
514	115.1292546
513	115.1292546
512	115.1292546
511	115.1292546
510	115.1292546
509	115.1292546
508	115.1292546
507	115.1292546
506	115.1292546
505	115.1292546
504	115.1292546
503	115.1292546
502	115.1292546
501	115.1292546
500	115.1292546
499	115.1292546
498	115.1292546
497	115.1292546
496	115.1292546
495	115.1292546
494	115.1292546
493	115.1292546
492	115.1292546
491	115.1292546
490	115.1292546
489	115.1292546
488	115.1292546
487	115.1292546
486	115.1292546
485	115.1292546
484	115.1292546
483	115.1292546
482	115.1292546
481	115.1292546
480	115.1292546
479	115.1292546
478	115.1292546
477	115.1292546
476	115.1292546
475	115.1292546
474	115.1292546
473	115.1292546
472	115.1292546
471	115.1292546
470	115.1292546
469	115.1292546
468	115.1292546
467	115.1292546
466	115.1292546
465	115.1292546
464	115.1292546
463	115.1292546
462	115.1292546
461	115.1292546
460	115.1292546
459	115.1292546
458	115.1292546
457	115.1292546
456	115.1292546
455	115.1292546
454	115.1292546
453	115.1292546
452	115.1292546
451	115.1292546
450	115.1292546
449	115.1292546
448	115.1292546
447	115.1292546
446	115.1292546
445	115.1292546
444	115.1292546
443	115.1292546
442	115.1292546
441	115.1292546
440	115.1292546
439	115.1292546
438	115.1292546
437	115.1292546
436	115.1292546
435	115.1292546
434	115.1292546
433	115.1292546
432	115.1292546
431	115.1292546
430	115.1292546
429	115.1292546
428	115.1292546
427	115.1292546
426	115.1292546
425	115.1292546
424	115.1292546
423	115.1292546
422	115.1292546
421	115.1292546
420	115.1292546
419	115.1292546
418	115.1292546
417	115.1292546
416	115.1292546
415	115.1292546
414	115.1292546
413	115.1292546
412	115.1292546
411	115.1292546
410	115.1292546
409	115.1292546
408	115.1292546
407	115.1292546
406	115.1292546
405	115.1292546
404	115.1292546
403	115.1292546
402	115.1292546
401	115.1292546
400	115.1292546
399	115.1292546
398	115.1292546
397	115.1292546
396	115.1292546
395	115.1292546
394	115.1292546
393	115.1292546
392	115.1292546
391	115.1292546
390	115.1292546
389	115.1292546
388	115.1292546
387	115.1292546
386	115.1292546
385	115.1292546
384	115.1292546
383	115.1292546
382	115.1292546
381	115.1292546
380	115.1292546
379	115.1292546
378	115.1292546
377	115.1292546
376	115.1292546
375	115.1292546
374	115.1292546
373	115.1292546
372	115.1292546
371	115.1292546
370	115.1292546
369	115.1292546
368	115.1292546
367	115.1292546
366	115.1292546
365	115.1292546
364	115.1292546
363	115.1292546
362	115.1292546
361	115.1292546
360	115.1292546
359	115.1292546
358	115.1292546
357	115.1292546
356	115.1292546
355	115.1292546
354	115.1292546
353	115.1292546
352	115.1292546
351	115.1292546
350	115.1292546
349	115.1292546
348	115.1292546
347	115.1292546
346	115.1292546
345	115.1292546
344	115.1292546
343	115.1292546
342	115.1292546
341	115.1292546
340	115.1292546
339	115.1292546
338	115.1292546
337	115.1292546
336	98.67225241
335	115.1292546
334	115.1292546
333	115.1292546
332	115.1292546
331	115.1292546
330	41.59617726
329	65.34809148
328	82.24784221
327	115.1292546
326	35.56902063
325	32.60727316
324	17.24063642
323	22.54658052
322	66.74993582
321	53.49165255
320	22.19665279
319	17.00508371
318	24.14986029
317	20.19356421
316	19.74168536
315	31.75292262
314	24.60928887
313	21.39636974
312	15.89571727
311	17.26131551
310	21.10610505
309	14.11280902
308	18.17844353
307	12.40445271
306	13.55293412
305	12.33335967
304	10.6430828
303	12.64422376
302	12.08923819
301	13.39057226
300	9.200194766
299	12.32279891
298	10.72837596
297	8.273582524
296	9.574329973
295	10.76046297
294	10.4698323
293	9.346208448
292	8.035664724
291	7.768356583
290	7.981626725
289	8.370124203
288	7.325009269
287	8.009668898
286	6.426135269
285	6.191314505
284	5.952667259
283	5.459264599
282	4.999363065
281	4.672873677
280	4.234361322
279	4.295741964
278	3.865436306
277	3.477302365
276	2.896531325
275	2.162832198
274	1.654458217
273	1.367610436
272	1.275313119
271	1.411143563
270	1.574292624
269	1.517288581
268	1.406781092
267	1.306768097
266	1.308840498
265	1.259126886
264	1.215215501
263	1.218256649
262	1.271046976
261	1.37080203
260	1.394343581
259	1.366871655
258	1.347789713
257	1.42620347
256	1.396347573
255	1.399581282
254	1.383652251
253	1.418183568
252	1.426380168
251	1.347505765
250	1.327669687
