  5.0000e-008  0.
  1.0000e-003  0.
  7.0000e-002  0.
  1.0000e+000  5.0012e-007
  1.5000e+000  1.2031e-007
  2.0000e+000  1.0491e-007
  2.5000e+000  1.2422e-007
  3.0000e+000  7.3545e-008
  3.5000e+000  4.2774e-008
  4.0000e+000  2.1238e-008
  4.5000e+000  2.8598e-008
  5.0000e+000  1.7544e-008
  5.5000e+000  1.6132e-008
  6.0000e+000  9.3696e-009
  6.5000e+000  7.2513e-009
  7.0000e+000  1.7571e-008
  7.5000e+000  1.3308e-009
  8.0000e+000  1.2493e-009
  8.5000e+000  2.7158e-011
  9.0000e+000  5.4317e-011
  9.5000e+000            0
  1.0000e+001            0