6.66667 2.30965e-10
20 3.05734e-10
33.3333 3.04936e-10
46.6667 3.0559e-10
60 3.08492e-10
73.3333 3.12953e-10
86.6667 3.19176e-10
100 3.27917e-10
113.333 3.38392e-10
126.667 3.54943e-10
140 3.71357e-10
153.333 3.87647e-10
166.667 4.04585e-10
180 4.22287e-10
193.333 4.40962e-10
206.667 4.60427e-10
220 4.80392e-10
233.333 5.0051e-10
246.667 5.20344e-10
260 5.39869e-10
273.333 5.59589e-10
286.667 5.76563e-10
300 5.8841e-10
313.333 6.01159e-10
326.667 6.14794e-10
340 6.26722e-10
353.333 6.35809e-10
366.667 6.44051e-10
380 6.52755e-10
393.333 6.60914e-10
406.667 6.69733e-10
420 6.76194e-10
433.333 6.80403e-10
446.667 6.84772e-10
460 6.90326e-10
473.333 6.95757e-10
486.667 6.99194e-10
500 7.02692e-10
513.333 7.06512e-10
526.667 7.07463e-10
540 7.10544e-10
553.333 7.17182e-10
566.667 7.24184e-10
580 7.31323e-10
593.333 7.38566e-10
606.667 7.44487e-10
620 7.51376e-10
633.333 7.56892e-10
646.667 7.62006e-10
660 7.66916e-10
673.333 7.71466e-10
686.667 7.76077e-10
700 7.80647e-10
713.333 7.86622e-10
726.667 7.93557e-10
740 7.99016e-10
753.333 8.04074e-10
766.667 8.08955e-10
780 8.14103e-10
793.333 8.20667e-10
806.667 8.27142e-10
820 8.33513e-10
833.333 8.40183e-10
846.667 8.47924e-10
860 8.57834e-10
873.333 8.68026e-10
886.667 8.78131e-10
900 8.88179e-10
913.333 8.98869e-10
926.667 9.11042e-10
940 9.23077e-10
953.333 9.34299e-10
966.667 9.46388e-10
980 9.5844e-10
993.333 9.70435e-10
1006.67 9.82625e-10
1020 9.94773e-10
1033.33 1.00565e-09
1046.67 1.01543e-09
1060 1.02685e-09
1073.33 1.03791e-09
1086.67 1.04942e-09
1100 1.06136e-09
1113.33 1.0686e-09
1126.67 1.06817e-09
1140 1.06731e-09
1153.33 1.06641e-09
1166.67 1.06508e-09
1180 1.05753e-09
1193.33 1.04883e-09
1206.67 1.0397e-09
1220 1.03054e-09
1233.33 1.02101e-09
1246.67 1.01081e-09
1260 1.00115e-09
1273.33 9.91189e-10
1286.67 9.81196e-10
1300 9.71185e-10
1313.33 9.6116e-10
1326.67 9.50727e-10
1340 9.4029e-10
1353.33 9.29833e-10
1366.67 9.21236e-10
1380 9.12897e-10
1393.33 9.04589e-10
1406.67 8.96146e-10
1420 8.89228e-10
1433.33 8.82728e-10
1446.67 8.76239e-10
1460 8.69532e-10
1473.33 8.63273e-10
1486.67 8.56077e-10
1500 8.48429e-10
1513.33 8.35753e-10
1526.67 8.21574e-10
1540 8.07422e-10
1553.33 7.92479e-10
1566.67 7.8023e-10
1580 7.74937e-10
1593.33 7.69631e-10
1606.67 7.6471e-10
1620 7.58989e-10
1633.33 7.5017e-10
1646.67 7.45588e-10
1660 7.42214e-10
1673.33 7.38865e-10
1686.67 7.35553e-10
1700 7.32224e-10
1713.33 7.28886e-10
1726.67 7.25154e-10
1740 7.21413e-10
1753.33 7.17652e-10
1766.67 7.13877e-10
1780 7.09699e-10
1793.33 7.05792e-10
1806.67 7.01305e-10
1820 6.97195e-10
1833.33 6.92738e-10
1846.67 6.88347e-10
1860 6.83956e-10
1873.33 6.79552e-10
1886.67 6.75132e-10
1900 6.70703e-10
1913.33 6.63555e-10
1926.67 6.54854e-10
1940 6.45757e-10
1953.33 6.36648e-10
1966.67 6.27627e-10
1980 6.19107e-10
1993.33 6.10191e-10
2006.67 6.0166e-10
2020 5.93265e-10
2033.33 5.87591e-10
2046.67 5.83871e-10
2060 5.8015e-10
2073.33 5.76814e-10
2086.67 5.73093e-10
2100 5.6977e-10
2113.33 5.66448e-10
2126.67 5.63123e-10
2140 5.59794e-10
2153.33 5.56462e-10
2166.67 5.54291e-10
2180 5.54439e-10
2193.33 5.54581e-10
2206.67 5.53949e-10
2220 5.52926e-10
2233.33 5.52291e-10
2246.67 5.51656e-10
2260 5.51019e-10
2273.33 5.50381e-10
2286.67 5.49355e-10
2300 5.45622e-10
2313.33 5.4228e-10
2326.67 5.38704e-10
2340 5.34812e-10
2353.33 5.31304e-10
2366.67 5.27795e-10
2380 5.23897e-10
2393.33 5.20389e-10
2406.67 5.14566e-10
2420 5.06037e-10
2433.33 4.97507e-10
2446.67 4.8859e-10
2460 4.80059e-10
2473.33 4.71143e-10
2486.67 4.62612e-10
2500 4.56399e-10
2513.33 4.51341e-10
2526.67 4.45896e-10
2540 4.40838e-10
2553.33 4.35392e-10
2566.67 4.29947e-10
2580 4.24503e-10
2593.33 4.19065e-10
2606.67 4.1363e-10
2620 4.08195e-10
2633.33 4.02375e-10
2646.67 3.97327e-10
2660 3.92281e-10
2673.33 3.8712e-10
2686.67 3.81961e-10
2700 3.76725e-10
2713.33 3.70872e-10
2726.67 3.61505e-10
2740 3.5094e-10
2753.33 3.40336e-10
2766.67 3.29617e-10
2780 3.18782e-10
2793.33 3.07908e-10
2806.67 2.97306e-10
2820 2.87206e-10
2833.33 2.77067e-10
2846.67 2.66852e-10
2860 2.56635e-10
2873.33 2.46339e-10
2886.67 2.36004e-10
2900 2.25631e-10
2913.33 2.15258e-10
2926.67 2.05735e-10
2940 1.97684e-10
2953.33 1.89634e-10
2966.67 1.81545e-10
2980 1.73456e-10
2993.33 1.6533e-10
3006.67 1.57165e-10
3020 1.48962e-10
3033.33 1.4068e-10
3046.67 1.32399e-10
3060 1.26245e-10
3073.33 1.2191e-10
3086.67 1.17578e-10
3100 1.13207e-10
3113.33 1.08837e-10
3126.67 1.04468e-10
3140 1.00098e-10
3153.33 9.56889e-11
3166.67 9.12798e-11
3180 8.68319e-11
3193.33 8.2385e-11
3206.67 7.78999e-11
3220 7.34535e-11
3233.33 6.89681e-11
3246.67 6.44826e-11
3260 5.9997e-11
3273.33 5.54702e-11
3286.67 5.09763e-11
3300 4.64814e-11
3313.33 4.19475e-11
3326.67 3.73793e-11
3340 3.28223e-11
3353.33 2.82614e-11
3366.67 2.37038e-11
3380 1.91458e-11
3393.33 1.45874e-11
3406.67 1.06124e-11
3420 9.62535e-12
3433.33 9.06325e-12
3446.67 8.50377e-12
3460 7.98355e-12
3473.33 7.51343e-12
3486.67 7.30636e-12
3500 7.14214e-12
3513.33 6.97453e-12
3526.67 6.8108e-12
3540 6.64339e-12
3553.33 6.47643e-12
3566.67 6.33241e-12
3580 6.192e-12
3593.33 6.04693e-12
3606.67 5.90535e-12
3620 5.76047e-12
3633.33 5.61566e-12
3646.67 5.48608e-12
3660 5.3914e-12
3673.33 5.29737e-12
3686.67 5.20803e-12
3700 5.11471e-12
3713.33 5.02132e-12
3726.67 4.92782e-12
3740 4.83802e-12
3753.33 4.74435e-12
3766.67 4.6507e-12
3780 4.55368e-12
3793.33 4.46775e-12
3806.67 4.39191e-12
3820 4.31992e-12
3833.33 4.24799e-12
3846.67 4.17249e-12
3860 4.10387e-12
3873.33 4.03435e-12
3886.67 3.96182e-12
3900 3.87857e-12
3913.33 3.80281e-12
3926.67 3.73284e-12
3940 3.66577e-12
3953.33 3.60119e-12
3966.67 3.53708e-12
3980 3.47468e-12
3993.33 3.43136e-12
4006.67 3.39511e-12
4020 3.35859e-12
4033.33 3.32195e-12
4046.67 3.28574e-12
4060 3.26616e-12
4073.33 3.2617e-12
4086.67 3.25742e-12
4100 3.24937e-12
4113.33 3.23536e-12
4126.67 3.21908e-12
4140 3.20291e-12
4153.33 3.18634e-12
4166.67 3.1682e-12
4180 3.14656e-12
4193.33 3.12415e-12
4206.67 3.10096e-12
4220 3.06535e-12
4233.33 3.02321e-12
4246.67 2.98035e-12
4260 2.93748e-12
4273.33 2.8938e-12
4286.67 2.84937e-12
4300 2.80418e-12
4313.33 2.75973e-12
4326.67 2.71527e-12
4340 2.67078e-12
4353.33 2.6259e-12
4366.67 2.58059e-12
4380 2.5349e-12
4393.33 2.48882e-12
4406.67 2.44218e-12
4420 2.39554e-12
4433.33 2.34906e-12
4446.67 2.30183e-12
4460 2.25458e-12
4473.33 2.20697e-12
4486.67 2.15902e-12
4500 2.11108e-12
4513.33 2.0628e-12
4526.67 2.01515e-12
4540 1.96616e-12
4553.33 1.91672e-12
4566.67 1.86978e-12
4580 1.83424e-12
4593.33 1.79977e-12
4606.67 1.76443e-12
4620 1.72941e-12
4633.33 1.6939e-12
4646.67 1.65789e-12
4660 1.62179e-12
4673.33 1.5852e-12
4686.67 1.54927e-12
4700 1.52487e-12
4713.33 1.50419e-12
4726.67 1.48345e-12
4740 1.46227e-12
4753.33 1.44137e-12
4766.67 1.42003e-12
4780 1.39903e-12
4793.33 1.37758e-12
4806.67 1.35699e-12
4820 1.33708e-12
4833.33 1.31758e-12
4846.67 1.29803e-12
4860 1.27845e-12
4873.33 1.25927e-12
4886.67 1.23964e-12
4900 1.22003e-12
4913.33 1.20116e-12
4926.67 1.18849e-12
4940 1.1777e-12
4953.33 1.16654e-12
4966.67 1.15575e-12
4980 1.14496e-12
4993.33 1.12951e-12
5006.67 1.10359e-12
5020 1.07769e-12
5033.33 1.05138e-12
5046.67 1.02774e-12
5060 1.01564e-12
5073.33 1.00536e-12
5086.67 9.94676e-13
5100 9.8436e-13
5113.33 9.74033e-13
5126.67 9.63306e-13
5140 9.53097e-13
5153.33 9.42553e-13
5166.67 9.31625e-13
5180 9.20681e-13
5193.33 9.09733e-13
5206.67 8.98391e-13
5220 8.87049e-13
5233.33 8.75317e-13
5246.67 8.63574e-13
5260 8.51451e-13
5273.33 8.39329e-13
5286.67 8.27287e-13
5300 8.16857e-13
5313.33 8.05585e-13
5326.67 7.94636e-13
5340 7.83442e-13
5353.33 7.7226e-13
5366.67 7.60692e-13
5380 7.49123e-13
5393.33 7.37556e-13
5406.67 7.25602e-13
5420 7.13649e-13
5433.33 7.01315e-13
5446.67 6.89367e-13
5460 6.77034e-13
5473.33 6.6432e-13
5486.67 6.51987e-13
5500 6.39274e-13
5513.33 6.26167e-13
5526.67 6.13432e-13
5540 5.9991e-13
5553.33 5.86754e-13
5566.67 5.73193e-13
5580 5.59625e-13
5593.33 5.45653e-13
5606.67 5.31664e-13
5620 5.17657e-13
5633.33 5.03642e-13
5646.67 4.89611e-13
5660 4.75177e-13
5673.33 4.6112e-13
5686.67 4.46657e-13
5700 4.32575e-13
5713.33 4.18095e-13
5726.67 4.036e-13
5740 3.889e-13
5753.33 3.74382e-13
5766.67 3.59737e-13
5780 3.45082e-13
5793.33 3.30375e-13
5806.67 3.1562e-13
5820 3.00892e-13
5833.33 2.8604e-13
5846.67 2.71293e-13
5860 2.5642e-13
5873.33 2.41572e-13
5886.67 2.26883e-13
5900 2.19919e-13
5913.33 2.21849e-13
5926.67 2.23816e-13
5940 2.25741e-13
5953.33 2.27706e-13
5966.67 2.29669e-13
5980 2.31629e-13
5993.33 2.33588e-13
6006.67 2.35546e-13
6020 2.37542e-13
6033.33 2.39497e-13
6046.67 2.4149e-13
6060 2.43444e-13
6073.33 2.45437e-13
6086.67 2.4739e-13
6100 2.4938e-13
6113.33 2.5133e-13
6126.67 2.53318e-13
6140 2.55267e-13
6153.33 2.57214e-13
6166.67 2.592e-13
6180 2.61159e-13
6193.33 2.6335e-13
6206.67 2.65473e-13
6220 2.67634e-13
6233.33 2.69757e-13
6246.67 2.71339e-13
6260 2.69209e-13
6273.33 2.66345e-13
6286.67 2.6352e-13
6300 2.60695e-13
6313.33 2.57869e-13
6326.67 2.55044e-13
6340 2.52219e-13
6353.33 2.49393e-13
6366.67 2.46529e-13
6380 2.43704e-13
6393.33 2.40878e-13
6406.67 2.38091e-13
6420 2.35266e-13
6433.33 2.32479e-13
6446.67 2.29692e-13
6460 2.26905e-13
6473.33 2.24119e-13
6486.67 2.21332e-13
6500 2.18545e-13
6513.33 2.15681e-13
6526.67 2.12778e-13
6540 2.09837e-13
6553.33 2.06818e-13
6566.67 2.03722e-13
6580 2.00626e-13
6593.33 1.97452e-13
6606.67 1.94202e-13
6620 1.90952e-13
6633.33 1.87624e-13
6646.67 1.84297e-13
6660 1.80853e-13
6673.33 1.7741e-13
6686.67 1.73928e-13
6700 1.70407e-13
6713.33 1.66848e-13
6726.67 1.63211e-13
6740 1.59574e-13
6753.33 1.55899e-13
6766.67 1.52185e-13
6780 1.48393e-13
6793.33 1.44602e-13
6806.67 1.40811e-13
6820 1.36942e-13
6833.33 1.33073e-13
6846.67 1.29127e-13
6860 1.2522e-13
6873.33 1.21235e-13
6886.67 1.1725e-13
6900 1.13228e-13
6913.33 1.09169e-13
6926.67 1.05111e-13
6940 1.01013e-13
6953.33 9.69154e-14
6966.67 9.27792e-14
6980 8.86429e-14
6993.33 8.44679e-14
7006.67 8.0293e-14
7020 7.60794e-14
7033.33 7.18658e-14
7046.67 6.76522e-14
7060 6.34e-14
7073.33 5.91477e-14
7086.67 5.48567e-14
7100 5.06045e-14
7113.33 4.63135e-14
7126.67 4.20219e-14
7140 3.77146e-14
7153.33 3.34111e-14
7166.67 2.90999e-14
7180 2.4781e-14
7193.33 2.04736e-14
7206.67 1.61392e-14
7220 1.18357e-14
7233.33 7.49747e-15
7246.67 3.18974e-15
7260 1.70602e-16
7273.33 6.85912e-17
7286.67 6.763e-17
7300 6.66688e-17
7313.33 6.57075e-17
7326.67 6.47537e-17
7340 6.37925e-17
7353.33 6.28459e-17
7366.67 6.18847e-17
7380 6.09382e-17
7393.33 5.99916e-17
7406.67 5.90451e-17
7420 5.81059e-17
7433.33 5.71667e-17
7446.67 5.62348e-17
7460 5.53029e-17
7473.33 5.43784e-17
7486.67 5.34465e-17
7500 5.25073e-17
7513.33 5.15681e-17
7526.67 5.06216e-17
7540 4.96677e-17
7553.33 4.87138e-17
7566.67 4.77526e-17
7580 4.67914e-17
7593.33 4.58228e-17
7606.67 4.48543e-17
7620 4.38784e-17
7633.33 4.28952e-17
7646.67 4.1912e-17
7660 4.09287e-17
7673.33 3.99455e-17
7686.67 3.89476e-17
7700 3.7957e-17
7713.33 3.69591e-17
7726.67 3.59686e-17
7740 3.49633e-17
7753.33 3.39654e-17
7766.67 3.29528e-17
7780 3.19549e-17
7793.33 3.09423e-17
7806.67 2.99371e-17
7820 2.89245e-17
7833.33 2.79119e-17
7846.67 2.68994e-17
7860 2.58868e-17
7873.33 2.48742e-17
7886.67 2.38616e-17
7900 2.28491e-17
7913.33 2.18365e-17
7926.67 2.08239e-17
7940 1.9804e-17
7953.33 1.87987e-17
7966.67 1.79036e-17
7980 1.70597e-17
7993.33 1.62159e-17
8006.67 1.53721e-17
8020 1.45283e-17
8033.33 1.36845e-17
8046.67 1.2848e-17
8060 1.20115e-17
8073.33 1.11751e-17
8086.67 1.03312e-17
8100 9.5021e-18
8113.33 8.66562e-18
8126.67 7.84382e-18
8140 7.00954e-18
8153.33 6.18774e-18
8166.67 5.36153e-18
8180 4.54413e-18
8193.33 3.72453e-18
8206.67 2.9108e-18
8220 2.09853e-18
8233.33 1.2892e-18
8246.67 4.84717e-19
8260 3.22191e-21
8273.33 0
